108
162
325
382
406
477
493
515
538
554
569
610
640
663
667
696
717
718
721
723
726
739
741
766
773
777
783
784
793
802
846
860
887
890
909
910
918
924
931
945
953
964
966
969
977
984
998
1007
1011
1012
1015
1025
1028
1034
1038
1043
1044
1046
1047
1051
1056
1067
1070
1075
1096
1099
1102
1105
1106
1112
1118
1122
1123
1127
1128
1139
1142
1143
1144
1161
1162
1165
1166
1167
1170
1171
1172
1183
1185
1190
1191
1200
1203
1205
1207
1212
1213
1214
1216
1218
1226
1246
1255
1258
1262
1263
1272
1282
1285
1287
1291
1292
1296
1297
1298
1311
1313
1316
1324
1331
1334
1338
1342
1345
1361
1363
1364
1373
1375
1381
1383
1389
1393
1400
1402
1413
1415
1429
1436
1437
1447
1448
1449
1460
1464
1475
1481
1486
1487
1526
1529
1544
1555
1602
1629
1630
1631
1639
1651
1664
1674
1682
1684
1690
1692
1695
1700
1703
1707
1708
1712
